name: copperv
channels:
  - timvideos
  - defaults
dependencies:
  - _libgcc_mutex=0.1=main
  - ca-certificates=2020.6.24=0
  - certifi=2020.6.20=py38_0
  - ld_impl_linux-64=2.33.1=h53a641e_7
  - libedit=3.1.20191231=h14c3975_1
  - libffi=3.3=he6710b0_2
  - libgcc-ng=9.1.0=hdf63c60_0
  - libstdcxx-ng=9.1.0=hdf63c60_0
  - ncurses=6.2=he6710b0_1
  - openssl=1.1.1g=h7b6447c_0
  - pip=20.1.1=py38_1
  - python=3.8.5=hcff3b4d_0
  - readline=8.0=h7b6447c_0
  - setuptools=49.2.1=py38_0
  - sqlite=3.32.3=h62c20be_0
  - tk=8.6.10=hbc83047_0
  - wheel=0.34.2=py38_0
  - xz=5.2.5=h7b6447c_0
  - zlib=1.2.11=h7b6447c_3
  - verilator=4.020.0_0025_g1852ae1c=20191011_225942
  - gcc-riscv32-elf-newlib=9.1.0=20200115_040235
  - iverilog=s20150603=490.20171103080041.g7d78f5b2
  - pip:
    - pexpect==4.8.0
    - ptyprocess==0.6.0
    - pandas==1.1.0
    - tabulate==0.8.7
